2801 4089 0
2719 3995 1
2703 3982 1
2672 3976 1
2627 3971 1
2559 4020 1
2486 4081 1
2469 4094 1
2422 4066 1
2370 4035 1
2383 3939 1
2400 3847 1
2385 3821 1
2367 3793 1
2348 3777 1
2258 3754 1
2166 3731 1
2155 3671 1
2153 3613 1
2237 3567 1
2315 3525 1
2328 3484 1
2341 3443 1
2298 3357 1
2255 3271 1
2269 3256 1
2309 3213 1
2334 3189 1
2348 3189 1
2437 3226 1
2513 3258 1
2553 3242 1
2594 3227 1
2631 3145 1
2673 3058 1
2731 3056 1
2791 3065 1
2802 3093 1
2848 3245 1
2886 3271 1
2919 3291 1
3010 3268 1
3107 3250 1
3168 3343 1
3116 3421 1
3062 3497 1
3066 3542 1
3080 3588 1
3107 3611 1
3169 3658 1
3218 3698 1
3220 3714 1
3207 3759 1
3189 3813 1
3093 3819 1
2997 3825 1
2968 3856 1
2939 3886 1
2940 3982 1
2941 4079 1
2889 4100 1
2833 4122 1
2801 4089 1
2801 4089 1
2753 3739 0
2796 3710 1
2827 3669 1
2844 3621 1
2843 3571 1
2829 3527 1
2806 3492 1
2773 3465 1
2731 3447 1
2692 3440 1
2651 3447 1
2605 3468 1
2569 3501 1
2545 3545 1
2537 3594 1
2544 3644 1
2564 3686 1
2597 3720 1
2642 3744 1
2697 3750 1
2753 3739 1
2753 3739 1
1674 3535 0
1634 3449 1
1611 3414 1
1558 3394 1
1524 3384 1
1444 3435 1
1360 3485 1
1267 3424 1
1289 3249 1
1285 3230 1
1259 3197 1
1227 3161 1
1130 3160 1
1034 3158 1
1012 3110 1
0990 3057 1
1051 2980 1
1101 2919 1
1111 2896 1
1104 2849 1
1096 2812 1
1017 2760 1
0939 2709 1
0959 2595 1
1047 2566 1
1135 2537 1
1172 2451 1
1138 2362 1
1104 2278 1
1138 2231 1
1178 2190 1
1272 2215 1
1360 2241 1
1399 2215 1
1440 2184 1
1456 2090 1
1472 1999 1
1526 1982 1
1584 1972 1
1635 2028 1
1696 2096 1
1711 2112 1
1755 2112 1
1808 2104 1
1868 2037 1
1926 1972 1
1943 1970 1
2015 1991 1
2041 1998 1
2047 2034 1
2056 2092 1
2065 2150 1
2074 2189 1
2114 2217 1
2151 2241 1
2240 2215 1
2333 2190 1
2407 2277 1
2386 2334 1
2363 2385 1
2349 2417 1
2335 2451 1
2377 2536 1
2466 2566 1
2553 2595 1
2571 2708 1
2491 2763 1
2424 2809 1
2411 2830 1
2404 2872 1
2399 2903 1
2428 2942 1
2513 3042 1
2524 3055 1
2500 3108 1
2476 3161 1
2381 3161 1
2287 3161 1
2268 3180 1
2236 3216 1
2227 3228 1
2224 3243 1
2235 3336 1
2241 3419 1
2228 3436 1
2198 3456 1
2150 3486 1
2067 3435 1
1986 3384 1
1942 3397 1
1898 3410 1
1877 3452 1
1835 3540 1
1814 3586 1
1756 3586 1
1698 3586 1
1674 3535 1
1674 3535 1
1848 3062 0
1916 3031 1
1978 2979 1
2019 2929 1
2046 2874 1
2061 2815 1
2064 2751 1
2056 2693 1
2039 2642 1
2011 2595 1
1971 2550 1
1913 2501 1
1845 2471 1
1756 2462 1
1667 2471 1
1579 2514 1
1513 2575 1
1484 2619 1
1464 2666 1
1447 2765 1
1463 2864 1
1483 2911 1
1511 2956 1
1578 3021 1
1660 3061 1
1752 3076 1
1848 3062 1
1848 3062 1
